1001|Rajan Soni|Village: hariharPur, Kaptanganj, Basti, 272131|1344172939|1.00155e+007|Savings|1
1002|Om Tripathi|Basti, 272131|1522269912|5800|Savings|1
1003|Hrishabh KasauDhan|Bhabhnan Basti, 272131|1795873577|8500|Savings|1
1004|Pranjal Tripathi|Babhnan Gonda 201310|2474372269|10000|Savings|1
1005|Shashwat pandey|Barhar kala, Harraiya Basti, 272161|1504071813|15000|Savings|1
1006|Raj Wardhan Singh|JaunPur, uttar pradesh|1179131675|10000|Savings|1
1007|Rajesh|Greater NOIDA|4238239896|3512|Savings|1
1008|Pradumn prajapati|Alpha 1 Greater Noida|1302223881|0|Savings|1
1009|||2027420090|0|Savings|1
1010|||2027420090|0|Savings|1
1011|||2027420090|0|Savings|1
1012|||2027420090|0|Savings|1
1013|||2027420090|0|Savings|1
1014|||2027420090|0|Savings|1
1015|||2027420090|0|Savings|1
1016|||2027420090|0|Savings|1
1017|||2027420090|0|Savings|1
1018|||2027420090|0|Savings|1
1019|||2027420090|0|Savings|1
1020|||2027420090|0|Savings|1
1021|||2027420090|0|Savings|1
1022|||2027420090|0|Savings|1
1023|||2027420090|0|Savings|1
1024|||2027420090|0|Savings|1
1025|||2027420090|0|Savings|1
1026|||2027420090|0|Savings|1
1027|||2027420090|0|Savings|1
1028|||2027420090|0|Savings|1
1029|||2027420090|0|Savings|1
1030|||2027420090|0|Savings|1
1031|||2027420090|0|Savings|1
1032|||2027420090|0|Savings|1
1033|||2027420090|0|Savings|1
1034|||2027420090|0|Savings|1
1035|||2027420090|0|Savings|1
1036|||2027420090|0|Savings|1
1037|||2027420090|0|Savings|1
1038|||2027420090|0|Savings|1
1039|||2027420090|0|Savings|1
1040|||2027420090|0|Savings|1
1041|||2027420090|0|Savings|1
1042|||2027420090|0|Savings|1
1043|||2027420090|0|Savings|1
1044|||2027420090|0|Savings|1
1045|||2027420090|0|Savings|1
1046|||2027420090|0|Savings|1
1047|||2027420090|0|Savings|1
1048|||2027420090|0|Savings|1
1049|||2027420090|0|Savings|1
1050|||2027420090|0|Savings|1
1051|||2027420090|0|Savings|1
1052|||2027420090|0|Savings|1
1053|||2027420090|0|Savings|1
1054|||2027420090|0|Savings|1
1055|||2027420090|0|Savings|1
1056|||2027420090|0|Savings|1
1057|||2027420090|0|Savings|1
1058|||2027420090|0|Savings|1
1059|||2027420090|0|Savings|1
1060|||2027420090|0|Savings|1
1061|||2027420090|0|Savings|1
1062|||2027420090|0|Savings|1
1063|||2027420090|0|Savings|1
1064|||2027420090|0|Savings|1
1065|||2027420090|0|Savings|1
1066|||2027420090|0|Savings|1
1067|||2027420090|0|Savings|1
1068|||2027420090|0|Savings|1
1069|||2027420090|0|Savings|1
1070|||2027420090|0|Savings|1
1071|||2027420090|0|Savings|1
1072|||2027420090|0|Savings|1
1073|||2027420090|0|Savings|1
1074|||2027420090|0|Savings|1
1075|||2027420090|0|Savings|1
1076|||2027420090|0|Savings|1
1077|||2027420090|0|Savings|1
1078|||2027420090|0|Savings|1
1079|||2027420090|0|Savings|1
1080|||2027420090|0|Savings|1
1081|||2027420090|0|Savings|1
1082|||2027420090|0|Savings|1
1083|||2027420090|0|Savings|1
1084|||2027420090|0|Savings|1
1085|||2027420090|0|Savings|1
1086|||2027420090|0|Savings|1
1087|||2027420090|0|Savings|1
1088|||2027420090|0|Savings|1
1089|||2027420090|0|Savings|1
1090|||2027420090|0|Savings|1
1091|||2027420090|0|Savings|1
1092|||2027420090|0|Savings|1
1093|||2027420090|0|Savings|1
1094|||2027420090|0|Savings|1
1095|||2027420090|0|Savings|1
1096|||2027420090|0|Savings|1
1097|||2027420090|0|Savings|1
1098|||2027420090|0|Savings|1
1099|||2027420090|0|Savings|1
1100|||2027420090|0|Savings|1
1101|||2027420090|0|Savings|1
1102|||2027420090|0|Savings|1
1103|||2027420090|0|Savings|1
1104|||2027420090|0|Savings|1
1105|||2027420090|0|Savings|1
1106|||2027420090|0|Savings|1
1107|||2027420090|0|Savings|1
1108|||2027420090|0|Savings|1
1109|||2027420090|0|Savings|1
1110|||2027420090|0|Savings|1
1111|||2027420090|0|Savings|1
1112|||2027420090|0|Savings|1
1113|||2027420090|0|Savings|1
1114|||2027420090|0|Savings|1
1115|||2027420090|0|Savings|1
1116|||2027420090|0|Savings|1
1117|||2027420090|0|Savings|1
1118|||2027420090|0|Savings|1
1119|||2027420090|0|Savings|1
1120|||2027420090|0|Savings|1
1121|||2027420090|0|Savings|1
1122|||2027420090|0|Savings|1
1123|||2027420090|0|Savings|1
1124|||2027420090|0|Savings|1
1125|||2027420090|0|Savings|1
1126|||2027420090|0|Savings|1
1127|||2027420090|0|Savings|1
1128|||2027420090|0|Savings|1
1129|||2027420090|0|Savings|1
1130|||2027420090|0|Savings|1
1131|||2027420090|0|Savings|1
1132|||2027420090|0|Savings|1
1133|||2027420090|0|Savings|1
1134|||2027420090|0|Savings|1
1135|||2027420090|0|Savings|1
1136|||2027420090|0|Savings|1
1137|||2027420090|0|Savings|1
1138|||2027420090|0|Savings|1
1139|||2027420090|0|Savings|1
1140|||2027420090|0|Savings|1
1141|||2027420090|0|Savings|1
1142|||2027420090|0|Savings|1
1143|||2027420090|0|Savings|1
1144|||2027420090|0|Savings|1
1145|||2027420090|0|Savings|1
1146|||2027420090|0|Savings|1
1147|||2027420090|0|Savings|1
1148|||2027420090|0|Savings|1
1149|||2027420090|0|Savings|1
1150|||2027420090|0|Savings|1
1151|||2027420090|0|Savings|1
1152|||2027420090|0|Savings|1
1153|||2027420090|0|Savings|1
1154|||2027420090|0|Savings|1
1155|||2027420090|0|Savings|1
1156|||2027420090|0|Savings|1
1157|||2027420090|0|Savings|1
1158|||2027420090|0|Savings|1
1159|||2027420090|0|Savings|1
1160|||2027420090|0|Savings|1
1161|||2027420090|0|Savings|1
1162|||2027420090|0|Savings|1
1163|||2027420090|0|Savings|1
1164|||2027420090|0|Savings|1
1165|||2027420090|0|Savings|1
1166|||2027420090|0|Savings|1
1167|||2027420090|0|Savings|1
1168|||2027420090|0|Savings|1
1169|||2027420090|0|Savings|1
1170|||2027420090|0|Savings|1
1171|||2027420090|0|Savings|1
1172|||2027420090|0|Savings|1
1173|||2027420090|0|Savings|1
1174|||2027420090|0|Savings|1
1175|||2027420090|0|Savings|1
1176|||2027420090|0|Savings|1
1177|||2027420090|0|Savings|1
1178|||2027420090|0|Savings|1
1179|||2027420090|0|Savings|1
1180|||2027420090|0|Savings|1
1181|||2027420090|0|Savings|1
1182|||2027420090|0|Savings|1
1183|||2027420090|0|Savings|1
1184|||2027420090|0|Savings|1
1185|||2027420090|0|Savings|1
1186|||2027420090|0|Savings|1
1187|||2027420090|0|Savings|1
1188|||2027420090|0|Savings|1
1189|||2027420090|0|Savings|1
1190|||2027420090|0|Savings|1
1191|||2027420090|0|Savings|1
1192|||2027420090|0|Savings|1
1193|||2027420090|0|Savings|1
1194|||2027420090|0|Savings|1
1195|||2027420090|0|Savings|1
1196|||2027420090|0|Savings|1
1197|||2027420090|0|Savings|1
1198|||2027420090|0|Savings|1
1199|||2027420090|0|Savings|1
1200|||2027420090|0|Savings|1
1201|||2027420090|0|Savings|1
1202|||2027420090|0|Savings|1
1203|||2027420090|0|Savings|1
1204|||2027420090|0|Savings|1
1205|||2027420090|0|Savings|1
1206|||2027420090|0|Savings|1
1207|||2027420090|0|Savings|1
1208|||2027420090|0|Savings|1
1209|||2027420090|0|Savings|1
1210|||2027420090|0|Savings|1
1211|||2027420090|0|Savings|1
1212|||2027420090|0|Savings|1
1213|||2027420090|0|Savings|1
1214|||2027420090|0|Savings|1
1215|||2027420090|0|Savings|1
1216|||2027420090|0|Savings|1
1217|||2027420090|0|Savings|1
1218|||2027420090|0|Savings|1
1219|||2027420090|0|Savings|1
1220|||2027420090|0|Savings|1
1221|||2027420090|0|Savings|1
1222|||2027420090|0|Savings|1
1223|||2027420090|0|Savings|1
1224|||2027420090|0|Savings|1
1225|||2027420090|0|Savings|1
1226|||2027420090|0|Savings|1
1227|||2027420090|0|Savings|1
1228|||2027420090|0|Savings|1
1229|||2027420090|0|Savings|1
1230|||2027420090|0|Savings|1
1231|||2027420090|0|Savings|1
1232|||2027420090|0|Savings|1
1233|||2027420090|0|Savings|1
1234|||2027420090|0|Savings|1
1235|||2027420090|0|Savings|1
1236|||2027420090|0|Savings|1
1237|||2027420090|0|Savings|1
1238|||2027420090|0|Savings|1
1239|||2027420090|0|Savings|1
1240|||2027420090|0|Savings|1
1241|||2027420090|0|Savings|1
1242|||2027420090|0|Savings|1
1243|||2027420090|0|Savings|1
1244|||2027420090|0|Savings|1
1245|||2027420090|0|Savings|1
1246|||2027420090|0|Savings|1
1247|||2027420090|0|Savings|1
1248|||2027420090|0|Savings|1
1249|||2027420090|0|Savings|1
1250|||2027420090|0|Savings|1
1251|||2027420090|0|Savings|1
1252|||2027420090|0|Savings|1
1253|||2027420090|0|Savings|1
1254|||2027420090|0|Savings|1
1255|||2027420090|0|Savings|1
1256|||2027420090|0|Savings|1
1257|||2027420090|0|Savings|1
1258|||2027420090|0|Savings|1
1259|||2027420090|0|Savings|1
1260|||2027420090|0|Savings|1
1261|||2027420090|0|Savings|1
1262|||2027420090|0|Savings|1
1263|||2027420090|0|Savings|1
1264|||2027420090|0|Savings|1
1265|||2027420090|0|Savings|1
1266|||2027420090|0|Savings|1
1267|||2027420090|0|Savings|1
1268|||2027420090|0|Savings|1
1269|||2027420090|0|Savings|1
1270|||2027420090|0|Savings|1
1271|||2027420090|0|Savings|1
1272|||2027420090|0|Savings|1
1273|||2027420090|0|Savings|1
1274|||2027420090|0|Savings|1
1275|||2027420090|0|Savings|1
1276|||2027420090|0|Savings|1
1277|||2027420090|0|Savings|1
1278|||2027420090|0|Savings|1
1279|||2027420090|0|Savings|1
1280|||2027420090|0|Savings|1
1281|||2027420090|0|Savings|1
1282|||2027420090|0|Savings|1
1283|||2027420090|0|Savings|1
1284|||2027420090|0|Savings|1
1285|||2027420090|0|Savings|1
1286|||2027420090|0|Savings|1
1287|||2027420090|0|Savings|1
1288|||2027420090|0|Savings|1
1289|||2027420090|0|Savings|1
1290|||2027420090|0|Savings|1
1291|||2027420090|0|Savings|1
1292|||2027420090|0|Savings|1
1293|||2027420090|0|Savings|1
1294|||2027420090|0|Savings|1
1295|||2027420090|0|Savings|1
1296|||2027420090|0|Savings|1
1297|||2027420090|0|Savings|1
1298|||2027420090|0|Savings|1
1299|||2027420090|0|Savings|1
1300|||2027420090|0|Savings|1
1301|||2027420090|0|Savings|1
1302|||2027420090|0|Savings|1
1303|||2027420090|0|Savings|1
1304|||2027420090|0|Savings|1
1305|||2027420090|0|Savings|1
1306|||2027420090|0|Savings|1
1307|||2027420090|0|Savings|1
1308|||2027420090|0|Savings|1
1309|||2027420090|0|Savings|1
1310|||2027420090|0|Savings|1
1311|||2027420090|0|Savings|1
1312|||2027420090|0|Savings|1
1313|||2027420090|0|Savings|1
1314|||2027420090|0|Savings|1
1315|||2027420090|0|Savings|1
1316|||2027420090|0|Savings|1
1317|||2027420090|0|Savings|1
1318|||2027420090|0|Savings|1
1319|||2027420090|0|Savings|1
1320|||2027420090|0|Savings|1
1321|||2027420090|0|Savings|1
1322|||2027420090|0|Savings|1
1323|||2027420090|0|Savings|1
1324|||2027420090|0|Savings|1
1325|||2027420090|0|Savings|1
1326|||2027420090|0|Savings|1
1327|||2027420090|0|Savings|1
1328|||2027420090|0|Savings|1
1329|||2027420090|0|Savings|1
1330|||2027420090|0|Savings|1
1331|||2027420090|0|Savings|1
1332|||2027420090|0|Savings|1
1333|||2027420090|0|Savings|1
1334|||2027420090|0|Savings|1
1335|||2027420090|0|Savings|1
1336|||2027420090|0|Savings|1
1337|||2027420090|0|Savings|1
1338|||2027420090|0|Savings|1
1339|||2027420090|0|Savings|1
1340|||2027420090|0|Savings|1
1341|||2027420090|0|Savings|1
1342|||2027420090|0|Savings|1
1343|||2027420090|0|Savings|1
1344|||2027420090|0|Savings|1
1345|||2027420090|0|Savings|1
1346|||2027420090|0|Savings|1
1347|||2027420090|0|Savings|1
1348|||2027420090|0|Savings|1
1349|||2027420090|0|Savings|1
1350|||2027420090|0|Savings|1
1351|||2027420090|0|Savings|1
1352|||2027420090|0|Savings|1
1353|||2027420090|0|Savings|1
1354|||2027420090|0|Savings|1
1355|||2027420090|0|Savings|1
1356|||2027420090|0|Savings|1
1357|||2027420090|0|Savings|1
1358|||2027420090|0|Savings|1
1359|||2027420090|0|Savings|1
1360|||2027420090|0|Savings|1
1361|||2027420090|0|Savings|1
1362|||2027420090|0|Savings|1
1363|||2027420090|0|Savings|1
1364|||2027420090|0|Savings|1
1365|||2027420090|0|Savings|1
1366|||2027420090|0|Savings|1
1367|||2027420090|0|Savings|1
1368|||2027420090|0|Savings|1
1369|||2027420090|0|Savings|1
1370|||2027420090|0|Savings|1
1371|||2027420090|0|Savings|1
1372|||2027420090|0|Savings|1
1373|||2027420090|0|Savings|1
1374|||2027420090|0|Savings|1
1375|||2027420090|0|Savings|1
1376|||2027420090|0|Savings|1
1377|||2027420090|0|Savings|1
1378|||2027420090|0|Savings|1
1379|Priya Sharma|Connaught Place, New Delhi|817881750|5000|Savings|1
1380|Amit Patel|201310|1724928181|100000|Current|1
