1001|3052816163
1001|1344172939
1002|1522269912
1003|1795873577
1004|2474372269
1005|1504071813
1006|1179131675
1007|4238239896
1008|3052816163
1008|1302223881
1009|2027420090
1010|2027420090
1011|2027420090
1012|2027420090
1013|2027420090
1014|2027420090
1015|2027420090
1016|2027420090
1017|2027420090
1018|2027420090
1019|2027420090
1020|2027420090
1021|2027420090
1022|2027420090
1023|2027420090
1024|2027420090
1025|2027420090
1026|2027420090
1027|2027420090
1028|2027420090
1029|2027420090
1030|2027420090
1031|2027420090
1032|2027420090
1033|2027420090
1034|2027420090
1035|2027420090
1036|2027420090
1037|2027420090
1038|2027420090
1039|2027420090
1040|2027420090
1041|2027420090
1042|2027420090
1043|2027420090
1044|2027420090
1045|2027420090
1046|2027420090
1047|2027420090
1048|2027420090
1049|2027420090
1050|2027420090
1051|2027420090
1052|2027420090
1053|2027420090
1054|2027420090
1055|2027420090
1056|2027420090
1057|2027420090
1058|2027420090
1059|2027420090
1060|2027420090
1061|2027420090
1062|2027420090
1063|2027420090
1064|2027420090
1065|2027420090
1066|2027420090
1067|2027420090
1068|2027420090
1069|2027420090
1070|2027420090
1071|2027420090
1072|2027420090
1073|2027420090
1074|2027420090
1075|2027420090
1076|2027420090
1077|2027420090
1078|2027420090
1079|2027420090
1080|2027420090
1081|2027420090
1082|2027420090
1083|2027420090
1084|2027420090
1085|2027420090
1086|2027420090
1087|2027420090
1088|2027420090
1089|2027420090
1090|2027420090
1091|2027420090
1092|2027420090
1093|2027420090
1094|2027420090
1095|2027420090
1096|2027420090
1097|2027420090
1098|2027420090
1099|2027420090
1100|2027420090
1101|2027420090
1102|2027420090
1103|2027420090
1104|2027420090
1105|2027420090
1106|2027420090
1107|2027420090
1108|2027420090
1109|2027420090
1110|2027420090
1111|2027420090
1112|2027420090
1113|2027420090
1114|2027420090
1115|2027420090
1116|2027420090
1117|2027420090
1118|2027420090
1119|2027420090
1120|2027420090
1121|2027420090
1122|2027420090
1123|2027420090
1124|2027420090
1125|2027420090
1126|2027420090
1127|2027420090
1128|2027420090
1129|2027420090
1130|2027420090
1131|2027420090
1132|2027420090
1133|2027420090
1134|2027420090
1135|2027420090
1136|2027420090
1137|2027420090
1138|2027420090
1139|2027420090
1140|2027420090
1141|2027420090
1142|2027420090
1143|2027420090
1144|2027420090
1145|2027420090
1146|2027420090
1147|2027420090
1148|2027420090
1149|2027420090
1150|2027420090
1151|2027420090
1152|2027420090
1153|2027420090
1154|2027420090
1155|2027420090
1156|2027420090
1157|2027420090
1158|2027420090
1159|2027420090
1160|2027420090
1161|2027420090
1162|2027420090
1163|2027420090
1164|2027420090
1165|2027420090
1166|2027420090
1167|2027420090
1168|2027420090
1169|2027420090
1170|2027420090
1171|2027420090
1172|2027420090
1173|2027420090
1174|2027420090
1175|2027420090
1176|2027420090
1177|2027420090
1178|2027420090
1179|2027420090
1180|2027420090
1181|2027420090
1182|2027420090
1183|2027420090
1184|2027420090
1185|2027420090
1186|2027420090
1187|2027420090
1188|2027420090
1189|2027420090
1190|2027420090
1191|2027420090
1192|2027420090
1193|2027420090
1194|2027420090
1195|2027420090
1196|2027420090
1197|2027420090
1198|2027420090
1199|2027420090
1200|2027420090
1201|2027420090
1202|2027420090
1203|2027420090
1204|2027420090
1205|2027420090
1206|2027420090
1207|2027420090
1208|2027420090
1209|2027420090
1210|2027420090
1211|2027420090
1212|2027420090
1213|2027420090
1214|2027420090
1215|2027420090
1216|2027420090
1217|2027420090
1218|2027420090
1219|2027420090
1220|2027420090
1221|2027420090
1222|2027420090
1223|2027420090
1224|2027420090
1225|2027420090
1226|2027420090
1227|2027420090
1228|2027420090
1229|2027420090
1230|2027420090
1231|2027420090
1232|2027420090
1233|2027420090
1234|2027420090
1235|2027420090
1236|2027420090
1237|2027420090
1238|2027420090
1239|2027420090
1240|2027420090
1241|2027420090
1242|2027420090
1243|2027420090
1244|2027420090
1245|2027420090
1246|2027420090
1247|2027420090
1248|2027420090
1249|2027420090
1250|2027420090
1251|2027420090
1252|2027420090
1253|2027420090
1254|2027420090
1255|2027420090
1256|2027420090
1257|2027420090
1258|2027420090
1259|2027420090
1260|2027420090
1261|2027420090
1262|2027420090
1263|2027420090
1264|2027420090
1265|2027420090
1266|2027420090
1267|2027420090
1268|2027420090
1269|2027420090
1270|2027420090
1271|2027420090
1272|2027420090
1273|2027420090
1274|2027420090
1275|2027420090
1276|2027420090
1277|2027420090
1278|2027420090
1279|2027420090
1280|2027420090
1281|2027420090
1282|2027420090
1283|2027420090
1284|2027420090
1285|2027420090
1286|2027420090
1287|2027420090
1288|2027420090
1289|2027420090
1290|2027420090
1291|2027420090
1292|2027420090
1293|2027420090
1294|2027420090
1295|2027420090
1296|2027420090
1297|2027420090
1298|2027420090
1299|2027420090
1300|2027420090
1301|2027420090
1302|2027420090
1303|2027420090
1304|2027420090
1305|2027420090
1306|2027420090
1307|2027420090
1308|2027420090
1309|2027420090
1310|2027420090
1311|2027420090
1312|2027420090
1313|2027420090
1314|2027420090
1315|2027420090
1316|2027420090
1317|2027420090
1318|2027420090
1319|2027420090
1320|2027420090
1321|2027420090
1322|2027420090
1323|2027420090
1324|2027420090
1325|2027420090
1326|2027420090
1327|2027420090
1328|2027420090
1329|2027420090
1330|2027420090
1331|2027420090
1332|2027420090
1333|2027420090
1334|2027420090
1335|2027420090
1336|2027420090
1337|2027420090
1338|2027420090
1339|2027420090
1340|2027420090
1341|2027420090
1342|2027420090
1343|2027420090
1344|2027420090
1345|2027420090
1346|2027420090
1347|2027420090
1348|2027420090
1349|2027420090
1350|2027420090
1351|2027420090
1352|2027420090
1353|2027420090
1354|2027420090
1355|2027420090
1356|2027420090
1357|2027420090
1358|2027420090
1359|2027420090
1360|2027420090
1361|2027420090
1362|2027420090
1363|2027420090
1364|2027420090
1365|2027420090
1366|2027420090
1367|2027420090
1368|2027420090
1369|2027420090
1370|2027420090
1371|2027420090
1372|2027420090
1373|2027420090
1374|2027420090
1375|2027420090
1376|2027420090
1377|2027420090
1378|2027420090
1379|2027420090
1380|817881750
1381|817881750
